3341.0
4154.0
5217.0
5586.0
5955.0
6226.0
7037.0
7339.0
7642.0
7944.0
8247.0
8527.0
8807.0
9151.0
9465.0
9858.0
10276.0
10616.0
10956.0
11285.0
11696.0
12057.0
12397.0
12737.0
13113.0
13377.0
13640.0
13904.0
14351.0
14798.0
15318.0
15600.0
15881.0
16350.0
16675.0
17136.0
17707.0
18049.0
18467.0
18781.0
19304.0
19632.0
19960.0
20233.0
20616.0
21092.0
21433.0
21739.0
22068.0
22409.0
22750.0
23049.0
23347.0
23646.0
23945.0
24243.0
24533.0
24787.0
25147.0
25447.0
25801.0
26072.0
26454.0
26770.0
27129.0
27408.0
27690.0
27974.0
28297.0
28792.0
30332.0
30653.0
30970.0
31288.0
31606.0
31923.0
32239.0
32556.0
32873.0
33192.0
33513.0
33833.0
34154.0
34470.0
34785.0
35101.0
35407.0
35721.0
36041.0
36362.0
36682.0
37002.0
37322.0
37642.0
37961.0
38284.0
38609.0
39367.0
39909.0
40332.0
40647.0
41800.0
42104.0
42413.0
43147.0
44090.0
44404.0
44718.0
45556.0
45869.0
46185.0
46504.0
46818.0
47132.0
47449.0
48083.0
48398.0
48713.0
49029.0
49342.0
49656.0
49970.0
50284.0
50706.0
51565.0
51876.0
52190.0
52506.0
53242.0
53555.0
54201.0
54519.0
55041.0
55678.0
55986.0
56298.0
56613.0
56940.0
57260.0
57576.0
58322.0
59592.0
60435.0
60729.0
61035.0
61351.0
61666.0
61981.0
62297.0
62612.0
62928.0
63240.0
63550.0
63861.0
64174.0
64596.0
64915.0
65228.0
65854.0
66168.0
66481.0
66794.0
67102.0
67410.0
67723.0
68036.0
68348.0
68661.0
68976.0
69292.0
69608.0
69925.0
70241.0
70874.0
71190.0
71506.0
71823.0
72139.0
72455.0
72777.0
73099.0
73417.0
73736.0
74053.0
74370.0
74688.0
75005.0
75327.0
75649.0
75962.0
76275.0
76588.0
76901.0
77216.0
77531.0
77846.0
78161.0
78476.0
78792.0
79107.0
79422.0
79746.0
80069.0
80393.0
80716.0
81040.0
81364.0
81688.0
82012.0
82336.0
82661.0
82985.0
83525.0
84174.0
84498.0
85039.0
85904.0
86228.0
86754.0
87070.0
87386.0
87702.0
88017.0
88647.0
88960.0
89274.0
89999.0
90523.0
90943.0
91258.0
92109.0
92428.0
92747.0
93066.0
93811.0
94130.0
94677.0
95005.0
95313.0
95610.0
96213.0
96524.0
96833.0
97140.0
97447.0
97752.0
98061.0
98372.0
98684.0
98996.0
99308.0
99620.0
99934.0
100562.0
100875.0
101188.0
101604.0
102125.0
102440.0
102756.0
103067.0
103384.0
103811.0
104342.0
104971.0
105286.0
105599.0
106229.0
106548.0
106867.0
107186.0
107498.0
107808.0
108118.0
108842.0
110078.0
110903.0
111212.0
111528.0
111849.0
112169.0
112487.0
112803.0
113119.0
113436.0
113751.0
114065.0
114380.0
114694.0
115112.0
115426.0
115740.0
116055.0
116367.0
116680.0
116993.0
117306.0
117619.0
117931.0
118244.0
118557.0
118871.0
119184.0
119502.0
119820.0
120134.0
120449.0
120764.0
121393.0
121710.0
122027.0
122344.0
122657.0
122971.0
123283.0
123596.0
123909.0
124222.0
124534.0
124847.0
125162.0
125478.0
125805.0
126132.0
126447.0
126763.0
127078.0
127393.0
127712.0
128030.0
128349.0
128668.0
128988.0
129307.0
129627.0
129946.0
130265.0
130585.0
130904.0
131224.0
131545.0
131881.0
132442.0
132772.0
133098.0
133423.0
134075.0
134405.0
134737.0
135179.0
135511.0
136064.0
136838.0
137169.0
137499.0
137830.0
138161.0
138491.0
138821.0
139150.0
139479.0
139827.0
140511.0
140847.0
141180.0
142147.0
142469.0
143005.0
143327.0
143649.0
143970.0
144292.0
144731.0
145060.0
145710.0
146030.0
146351.0
146882.0
147310.0
147635.0
148176.0
148501.0
149023.0
149546.0
149862.0
150489.0
150804.0
151103.0
151620.0
152231.0
152543.0
152858.0
153173.0
153480.0
153783.0
154094.0
154410.0
154814.0
155141.0
155995.0
156311.0
156627.0
157257.0
157572.0
157892.0
158529.0
158848.0
159169.0
159479.0
159792.0
160110.0
160432.0
160755.0
161079.0
161389.0
161693.0
161998.0
162304.0
162610.0
162914.0
163217.0
163520.0
163826.0
164134.0
164438.0
164740.0
165042.0
165345.0
165647.0
165949.0
166252.0
166554.0
167259.0
168407.0
169324.0
169731.0
170539.0
170840.0
171342.0
171853.0
172159.0
172674.0
172985.0
173298.0
173612.0
174246.0
174563.0
174881.0
175196.0
175511.0
175926.0
176340.0
176758.0
177176.0
178024.0
178439.0
178952.0
179568.0
180523.0
180949.0
181475.0
182099.0
182731.0
183362.0
183780.0
184093.0
184407.0
184720.0
185034.0
185662.0
185974.0
186286.0
187224.0
187535.0
188479.0
188790.0
189101.0
189619.0
189935.0
190254.0
190573.0
190896.0
191214.0
191529.0
191843.0
192160.0
192478.0
192796.0
193115.0
193429.0
193741.0
194054.0
194783.0
195096.0
196035.0
196351.0
196868.0
197286.0
197705.0
198123.0
198539.0
198851.0
199475.0
199787.0
200101.0
200730.0
201045.0
201360.0
201675.0
201990.0
202306.0
202621.0
202935.0
203250.0
203565.0
203880.0
204728.0
205042.0
205356.0
205670.0
205986.0
206302.0
206619.0
206936.0
207358.0
208307.0
208623.0
209467.0
209783.0
210106.0
210433.0
210759.0
211079.0
211397.0
211714.0
212031.0
212350.0
212669.0
212988.0
213307.0
213732.0
214050.0
214372.0
215010.0
215326.0
215634.0
215943.0
216259.0
216576.0
217423.0
217741.0
218058.0
218376.0
218693.0
219011.0
219325.0
220055.0
220373.0
220690.0
221008.0
221325.0
221641.0
221949.0
222256.0
222563.0
222870.0
223181.0
223491.0
223803.0
224115.0
224427.0
225051.0
225363.0
225675.0
225987.0
226304.0
226621.0
226938.0
227572.0
227889.0
228209.0
228529.0
228850.0
229170.0
229490.0
229810.0
230131.0
230452.0
230773.0
231095.0
231416.0
231737.0
232047.0
232358.0
232673.0
232995.0
233318.0
233856.0
234125.0
234448.0
235164.0
235503.0
235838.0
236173.0
236508.0
236830.0
237147.0
237886.0
238535.0
238860.0
239184.0
239509.0
239833.0
240158.0
240483.0
240746.0
241068.0
241360.0
241887.0
242173.0
242459.0
242745.0
243031.0