3341.0
4154.0
5586.0
6226.0
7037.0
7642.0
8247.0
8620.0
8994.0
9622.0
9936.0
10276.0
11038.0
11532.0
11943.0
12397.0
12850.0
13377.0
13904.0
14351.0
14798.0
15318.0
16069.0
16675.0
17136.0
17707.0
18049.0
18624.0
19304.0
19837.0
20233.0
20616.0
21194.0
22068.0
22523.0
23347.0
23746.0
24533.0
24936.0
25359.0
25682.0
26072.0
26454.0
27009.0
27488.0
27974.0
28459.0
28792.0
30441.0
31076.0
31712.0
32345.0
32978.0
33619.0
34260.0
34891.0
35508.0
36148.0
36788.0
37429.0
38067.0
38717.0
39367.0
39909.0
40647.0
41905.0
42413.0
43147.0
44404.0
44928.0
45660.0
46292.0
46922.0
47555.0
48187.0
48819.0
49445.0
50075.0
50706.0
51979.0
52506.0
53242.0
53770.0
54519.0
55041.0
55784.0
56403.0
57051.0
57681.0
58322.0
59592.0
60825.0
61456.0
62087.0
62718.0
63343.0
63966.0
64596.0
65228.0
65854.0
66481.0
67102.0
67723.0
68348.0
68976.0
69608.0
70241.0
70874.0
71506.0
72139.0
72777.0
73417.0
74053.0
74688.0
75327.0
75962.0
76588.0
77216.0
77846.0
78476.0
79107.0
79746.0
80393.0
81040.0
81688.0
82336.0
82985.0
83633.0
84606.0
85255.0
86228.0
86860.0
87491.0
88123.0
88751.0
89274.0
89999.0
90523.0
91258.0
92534.0
93173.0
93811.0
94349.0
95005.0
95610.0
96317.0
96935.0
97549.0
98061.0
98788.0
99412.0
100039.0
100667.0
101188.0
101813.0
102440.0
103070.0
103811.0
104342.0
104971.0
105599.0
106336.0
106973.0
107602.0
108222.0
108842.0
110078.0
111315.0
111956.0
112592.0
113225.0
113856.0
114485.0
115112.0
115740.0
116367.0
116993.0
117619.0
118244.0
118871.0
119502.0
120134.0
120764.0
121393.0
122027.0
122657.0
123283.0
123909.0
124534.0
125162.0
125805.0
126447.0
127078.0
127712.0
128349.0
128988.0
129627.0
130265.0
130904.0
131545.0
132106.0
132880.0
133423.0
134184.0
134737.0
135511.0
136064.0
136838.0
137499.0
138161.0
138821.0
139479.0
140059.0
140847.0
141401.0
142147.0
142683.0
143327.0
143970.0
144731.0
145280.0
146030.0
146566.0
147310.0
147852.0
148609.0
149230.0
149862.0
150489.0
151103.0
151620.0
152333.0
152858.0
153480.0
154094.0
154814.0
155360.0
156100.0
156627.0
157362.0
157892.0
158529.0
159169.0
159792.0
160432.0
161079.0
161693.0
162304.0
162914.0
163520.0
164134.0
164740.0
165345.0
165949.0
166554.0
167259.0
168509.0
169731.0
170940.0
171444.0
172159.0
172777.0
173403.0
173823.0
174563.0
175301.0
175926.0
176549.0
177176.0
178439.0
179055.0
179670.0
180949.0
181617.0
182205.0
182837.0
183466.0
184093.0
184720.0
185243.0
185974.0
186496.0
187224.0
187746.0
188479.0
189101.0
189723.0
190041.0
190360.0
191004.0
191319.0
191634.0
192266.0
192584.0
192903.0
193533.0
194054.0
194783.0
195304.0
196035.0
196558.0
197286.0
197914.0
198539.0
199059.0
199787.0
200101.0
201045.0
201360.0
201675.0
202306.0
202935.0
203565.0
204093.0
204833.0
205147.0
205461.0
206091.0
206408.0
206725.0
207358.0
208623.0
209888.0
210541.0
211185.0
211820.0
212456.0
213095.0
213732.0
214372.0
215010.0
215634.0
216259.0
216576.0
217423.0
218164.0
218799.0
219430.0
220055.0
220690.0
221325.0
221949.0
222563.0
223181.0
223803.0
224427.0
225051.0
225675.0
226304.0
226938.0
227572.0
228209.0
228850.0
229490.0
230131.0
230773.0
231416.0
232047.0
232673.0
233318.0
233964.0
234609.0
235280.0
235950.0
236619.0
237253.0
237886.0
238535.0
238968.0
239292.0
239833.0
240158.0
240483.0
240834.0
241360.0
241887.0
242268.0
242649.0